[{"cf":[0,3.971226453781128,0,-1,0,0.0000926574066397734,0,1,0,-0.0000926574066397734,0,-1],"moveDir":[0,0,0],"vel":[0,0.000006562050657521468,0],"t":0.06938743591308594,"state":8},{"cf":[0,3.971226453781128,0,-1,0,0.0000926574066397734,0,1,0,-0.0000926574066397734,0,-1],"moveDir":[0,0,0],"vel":[0,0.000006562050657521468,0],"t":0.08432555198669434,"state":8},{"cf":[0,3.971226453781128,0,-1,0,0.0000926574066397734,0,1,0,-0.0000926574066397734,0,-1],"moveDir":[0,0,0],"vel":[0,0.000006562050657521468,0],"t":0.09881591796875,"state":8},{"cf":[0,3.971226453781128,0,-1,0,0.0000926574066397734,0,1,0,-0.0000926574066397734,0,-1],"moveDir":[0,0,0],"vel":[0,0.000006562050657521468,0],"t":0.12297511100769043,"state":8},{"cf":[0,3.971226453781128,0,-1,0,0.0000926574066397734,0,1,0,-0.0000926574066397734,0,-1],"moveDir":[0,0,0],"vel":[0,0.000006562050657521468,0],"t":0.15223240852355958,"state":8},{"cf":[0,3.971226453781128,0,-1,0,0.0000926574066397734,0,1,0,-0.0000926574066397734,0,-1],"moveDir":[0,0,0],"vel":[0,0.000006562050657521468,0],"t":0.1778109073638916,"state":8},{"cf":[0,3.971226453781128,0,-1,0,0.0000926574066397734,0,1,0,-0.0000926574066397734,0,-1],"moveDir":[0,0,0],"vel":[0,0.000006562050657521468,0],"t":0.20166587829589845,"state":8},{"cf":[0,3.971226453781128,0,-1,0,0.0000926574066397734,0,1,0,-0.0000926574066397734,0,-1],"moveDir":[0,0,0],"vel":[0,0.000006562050657521468,0],"t":0.2273707389831543,"state":8},{"cf":[0,3.971226453781128,0,-1,0,0.0000926574066397734,0,1,0,-0.0000926574066397734,0,-1],"moveDir":[0,0,0],"vel":[0,0.000006562050657521468,0],"t":0.25775575637817385,"state":8},{"cf":[0,3.971226453781128,0,-1,0,0.0000926574066397734,0,1,0,-0.0000926574066397734,0,-1],"moveDir":[0,0,0],"vel":[0,0.000006562050657521468,0],"t":0.28046226501464846,"state":8},{"cf":[0,3.971226453781128,0,-1,0,0.0000926574066397734,0,1,0,-0.0000926574066397734,0,-1],"moveDir":[0,0,0],"vel":[0,0.000006562050657521468,0],"t":0.31549882888793948,"state":8},{"cf":[0,3.971226453781128,0,-1,0,0.0000926574066397734,0,1,0,-0.0000926574066397734,0,-1],"moveDir":[0,0,0],"vel":[0,0.000006562050657521468,0],"t":0.33112263679504397,"state":8},{"cf":[0,3.971226453781128,0,-1,0,0.0000926574066397734,0,1,0,-0.0000926574066397734,0,-1],"moveDir":[0,0,0],"vel":[0,0.000006562050657521468,0],"t":0.3649718761444092,"state":8},{"cf":[0,3.971226453781128,0,-1,0,0.0000926574066397734,0,1,0,-0.0000926574066397734,0,-1],"moveDir":[0,0,0],"vel":[0,0.000006562050657521468,0],"t":0.4445466995239258,"state":8},{"cf":[0,3.971226453781128,0,-1,0,0.0000926574066397734,0,1,0,-0.0000926574066397734,0,-1],"moveDir":[0,0,0],"vel":[0,0.000006562050657521468,0],"t":0.47951841354370119,"state":8},{"cf":[-0.1182645782828331,3.971226692199707,0.4357512593269348,-0.9904444217681885,8.383158274227753e-7,0.1379123330116272,-2.3780879132573319e-7,1,-0.000007786484275129624,-0.1379123330116272,-0.000007744877621007618,-0.9904444217681885],"moveDir":[-0.26296478509902956,0,0.9648053646087647],"vel":[-1.8875236511230469,0.000006240621587494388,6.73397970199585],"t":0.5921900272369385,"state":8},{"cf":[-0.21115921437740327,3.971226692199707,1.2017898559570313,-0.9911482334136963,-3.630935552223491e-8,0.13276007771492005,5.303718797478041e-9,1,3.1309207315644019e-7,-0.13276007771492005,3.1102476327760089e-7,-0.9911482334136963],"moveDir":[-0.11549776792526245,0,0.9933078289031982],"vel":[-1.8437045812606812,-0.000001473606744184508,15.893322944641114],"t":0.7691295146942139,"state":8},{"cf":[-0.31730496883392336,3.971226692199707,2.2631590366363527,-0.9933639764785767,2.075023353143024e-8,0.11501295119524002,1.3980311353023467e-9,1,-1.6834172811286408e-7,-0.11501295119524002,-1.6706381700259954e-7,-0.9933639764785767],"moveDir":[-0.09915793687105179,0,0.9950717091560364],"vel":[-1.580102801322937,-2.7189145157535678e-8,15.92190933227539],"t":0.7965347766876221,"state":8},{"cf":[-0.32875537872314455,3.971226692199707,2.3788158893585207,-0.9934155344963074,-3.7126277607768545e-9,0.11456678807735443,-1.2576285568499657e-9,1,2.15008189030641e-8,-0.11456678807735443,2.1215166512433826e-8,-0.9934155344963074],"moveDir":[0,0,0],"vel":[-0.00691559910774231,-1.8790235856158689e-7,0.07048362493515015],"t":0.8114564418792725,"state":8},{"cf":[-0.32876473665237429,3.971226692199707,2.3789117336273195,-0.9934155941009522,-1.2111731173547469e-8,0.11456644535064697,-1.786307102236151e-9,1,9.022873825870193e-8,-0.11456644535064697,8.942998164229721e-8,-0.9934155941009522],"moveDir":[0,0,0],"vel":[-0.000018832368368748577,-1.8790187539252657e-7,0.00019518379122018814],"t":0.8364272117614746,"state":8},{"cf":[-0.32876476645469668,3.971226692199707,2.3789119720458986,-0.9934155941009522,-1.5594004310059973e-8,0.11456644535064697,-1.561517470882734e-9,1,1.2257314097041672e-7,-0.11456644535064697,1.2158717765942129e-7,-0.9934155941009522],"moveDir":[0,0,0],"vel":[1.2504564494975057e-8,-1.8790186118167186e-7,-4.348282800492598e-8],"t":0.8610546588897705,"state":8},{"cf":[-0.32876476645469668,3.971226692199707,2.3789119720458986,-0.9934155941009522,-1.3357706940553271e-8,0.11456644535064697,-1.0816730844354084e-9,1,1.0721425525161976e-7,-0.11456644535064697,1.0638439107424347e-7,-0.9934155941009522],"moveDir":[0,0,0],"vel":[6.264214391649148e-8,-1.8790157696457755e-7,-5.767919901700225e-7],"t":0.8842108249664307,"state":8},{"cf":[-0.32876476645469668,3.971226692199707,2.3789119720458986,-0.9934155941009522,-3.1782234621857698e-9,0.11456644535064697,1.322237597189968e-10,1,2.888783612320367e-8,-0.11456644535064697,2.8712774380323937e-8,-0.9934155941009522],"moveDir":[0,0,0],"vel":[-1.8546234059613199e-7,-2.718836356052634e-8,0.0000014148433820082574],"t":0.9037463665008545,"state":8},{"cf":[-0.32876476645469668,3.971226692199707,2.3789117336273195,-0.9934155941009522,3.6008502846129888e-9,0.11456644535064697,9.406248002719054e-10,1,-2.3273996063721826e-8,-0.11456644535064697,-2.301298707152455e-8,-0.9934155941009522],"moveDir":[0,0,0],"vel":[-1.8598227313759708e-7,-2.7189024365270599e-8,0.0000014190786714607385],"t":0.9229335784912109,"state":8},{"cf":[-0.32876476645469668,3.971226692199707,2.3789117336273195,-0.9934155941009522,1.0374131775847673e-8,0.11456644535064697,1.7483359204817362e-9,1,-7.539124879940573e-8,-0.11456644535064697,-7.469454033071088e-8,-0.9934155941009522],"moveDir":[0,0,0],"vel":[-1.8583678240702285e-7,-2.7188946205569665e-8,0.0000014179735217112466],"t":0.9412534236907959,"state":8},{"cf":[-0.32876476645469668,3.971226692199707,2.3789117336273195,-0.9934155941009522,1.238732405539622e-8,0.11456644535064697,1.864153054143003e-9,1,-9.195925798621829e-8,-0.11456644535064697,-9.114018695299819e-8,-0.9934155941009522],"moveDir":[0,0,0],"vel":[-1.8567818926840119e-7,-2.7188583828774428e-8,0.0000014167634390105378],"t":0.9589316844940186,"state":8},{"cf":[-0.32876476645469668,3.971226692199707,2.3789117336273195,-0.9934155941009522,8.277007523815883e-9,0.11456644535064697,1.0015515083949822e-9,1,-6.356180648481313e-8,-0.11456644535064697,-6.302854416162518e-8,-0.9934155941009522],"moveDir":[0,0,0],"vel":[7.444085525776245e-8,-2.718857139427655e-8,-5.087140948489832e-7],"t":0.9769237041473389,"state":8},{"cf":[-0.32876476645469668,3.971226692199707,2.3789117336273195,-0.9934155941009522,5.539723346714709e-9,0.11456644535064697,4.270981346365943e-10,1,-4.465039893375433e-8,-0.11456644535064697,-4.4307469693194437e-8,-0.9934155941009522],"moveDir":[0,0,0],"vel":[7.50879252109371e-8,-2.7188558959778676e-8,-5.135398737365904e-7],"t":0.9943599700927734,"state":8},{"cf":[-0.32876476645469668,3.971226692199707,2.3789117336273195,-0.9934155941009522,2.8047786315710256e-9,0.11456644535064697,-1.4686457605606052e-10,1,-2.5755152677220395e-8,-0.11456644535064697,-2.560239487081617e-8,-0.9934155941009522],"moveDir":[0,0,0],"vel":[7.503781063178394e-8,-2.7188551854351318e-8,-5.132050659995002e-7],"t":1.010673999786377,"state":8},{"cf":[-0.32876476645469668,3.971226692199707,2.3789119720458986,-0.9934155941009522,7.217117181657074e-11,0.11456644535064697,-7.203371232833433e-10,1,-6.876056168891864e-9,-0.11456644535064697,-6.913308148170927e-9,-0.9934155941009522],"moveDir":[0,0,0],"vel":[7.497395415612118e-8,-2.718880764973619e-8,-5.127684516992304e-7],"t":1.0288984775543213,"state":8},{"cf":[-0.32876476645469668,3.971226692199707,2.3789119720458986,-0.9934155941009522,-2.658101072583463e-9,0.11456644535064697,-1.2933197846010103e-9,1,1.1986903913907554e-8,-0.11456644535064697,1.1759806461952849e-8,-0.9934155941009522],"moveDir":[0,0,0],"vel":[7.490989162306505e-8,-2.7188798767951995e-8,-5.123302457832324e-7],"t":1.0473933219909669,"state":8},{"cf":[-0.32876476645469668,3.971226692199707,2.3789119720458986,-0.9934155941009522,-5.386039614307947e-9,0.11456644535064697,-1.8658128375648177e-9,1,3.0833742670210998e-8,-0.11456644535064697,3.041696317040987e-8,-0.9934155941009522],"moveDir":[0,0,0],"vel":[7.484587172257307e-8,-2.7188788109810959e-8,-5.118923809277476e-7],"t":1.0654029846191407,"state":8},{"cf":[-0.32876476645469668,3.971226692199707,2.3789119720458986,-0.9934155941009522,-8.111647353814533e-9,0.11456644535064697,-2.4378163931970677e-9,1,4.9664475199051597e-8,-0.11456644535064697,4.905817263534118e-8,-0.9934155941009522],"moveDir":[0,0,0],"vel":[7.478190156007258e-8,-2.718877922802676e-8,-5.114549139761948e-7],"t":1.0830023288726807,"state":8},{"cf":[-0.32876476645469668,3.971226692199707,2.3789119720458986,-0.9934155941009522,-1.0834925845415455e-8,0.11456644535064697,-3.0093316727430876e-9,1,6.847911038221355e-8,-0.11456644535064697,6.768345173213675e-8,-0.9934155941009522],"moveDir":[0,0,0],"vel":[7.471800245184568e-8,-2.7188770346242565e-8,-5.110176743983175e-7],"t":1.100325107574463,"state":8},{"cf":[-0.32876476645469668,3.971226692199707,2.3789119720458986,-0.9934155941009522,-1.4915480406330063e-8,0.11456644535064697,-3.865689102156011e-9,1,9.667092371046238e-8,-0.11456644535064697,9.559152402971449e-8,-0.9934155941009522],"moveDir":[0,0,0],"vel":[7.462224260734729e-8,-2.718875258267417e-8,-5.103627245262032e-7],"t":1.1185977458953858,"state":8},{"cf":[-0.32876476645469668,3.971226692199707,2.3789119720458986,-0.9934155941009522,-1.7632943993817208e-8,0.11456644535064697,-4.435984468642573e-9,1,1.1544538836005813e-7,-0.11456644535064697,1.1417703404958957e-7,-0.9934155941009522],"moveDir":[0,0,0],"vel":[7.455846429138546e-8,-2.7188745477246813e-8,-5.099266218167031e-7],"t":1.1408050060272217,"state":8},{"cf":[-0.32876476645469668,3.971226692199707,2.3789119720458986,-0.9934155941009522,-2.0348085882915258e-8,0.11456644535064697,-5.005792669265929e-9,1,1.3420380184925308e-7,-0.11456644535064697,1.327466634393204e-7,-0.9934155941009522],"moveDir":[0,0,0],"vel":[7.449474992426986e-8,-2.7188734819105777e-8,-5.094907464808784e-7],"t":1.1569030284881592,"state":8},{"cf":[-0.32876476645469668,3.971226692199707,2.3789119720458986,-0.9934155941009522,-1.204076394145659e-8,0.11456644535064697,-2.9049440630757319e-9,1,7.990949768554856e-8,-0.11456644535064697,7.905052967771553e-8,-0.9934155941009522],"moveDir":[0,0,0],"vel":[-1.8538905521836569e-7,-2.718842750937256e-8,0.0000011943684512516484],"t":1.1773874759674073,"state":8},{"cf":[-0.32876476645469668,3.971226692199707,2.3789119720458986,-0.9934155941009522,-3.740540766017375e-9,0.11456644535064697,-8.058897993379333e-10,1,2.5661591962489184e-8,-0.11456644535064697,2.5400296976840765e-8,-0.9934155941009522],"moveDir":[0,0,0],"vel":[-2.268902363766756e-7,-2.7188349349671627e-8,0.0000014664750551673933],"t":1.1920995712280274,"state":8},{"cf":[-0.32876476645469668,3.971226692199707,2.3789117336273195,-0.9934155941009522,8.69649685597551e-9,0.11456644535064697,2.339330951173224e-9,1,-5.562334592923435e-8,-0.11456644535064697,-5.498909061429913e-8,-0.9934155941009522],"moveDir":[0,0,0],"vel":[-2.2743724059637317e-7,-2.7188995943561168e-8,0.0000014700879091833486],"t":1.2134058475494385,"state":8},{"cf":[-0.32876476645469668,3.971226692199707,2.3789117336273195,-0.9934155941009522,1.6978999539674079e-8,0.11456644535064697,4.433906131140475e-9,1,-1.0975541187008275e-7,-0.11456644535064697,-1.0852476606260098e-7,-0.9934155941009522],"moveDir":[0,0,0],"vel":[-2.272451808948972e-7,-2.7188910678432877e-8,0.0000014688465626022663],"t":1.2309021949768067,"state":8},{"cf":[-0.32876476645469668,3.971226692199707,2.3789117336273195,-0.9934155941009522,1.3552938327165976e-8,0.11456644535064697,3.499414980012716e-9,1,-8.795389305760182e-8,-0.11456644535064697,-8.697385567302263e-8,-0.9934155941009522],"moveDir":[0,0,0],"vel":[4.8832966115242019e-8,-2.7188566065206034e-8,-3.016341452166671e-7],"t":1.2475111484527588,"state":8},{"cf":[-0.32876476645469668,3.971226692199707,2.3789117336273195,-0.9934155941009522,1.0129805438907625e-8,0.11456644535064697,2.5657225233288729e-9,1,-6.617100467565251e-8,-0.11456644535064697,-6.544136255115518e-8,-0.9934155941009522],"moveDir":[0,0,0],"vel":[9.302655712417618e-8,-2.7188558959778676e-8,-5.850542947882786e-7],"t":1.2667744159698487,"state":8},{"cf":[-0.32876476645469668,3.971226692199707,2.3789117336273195,-0.9934155941009522,5.000590164172536e-9,0.11456644535064697,1.1666789756503704e-9,1,-3.353157040919541e-8,-0.11456644535064697,-3.317712327088884e-8,-0.9934155941009522],"moveDir":[0,0,0],"vel":[9.379692045285992e-8,-2.7188537643496603e-8,-5.900092219235376e-7],"t":1.2857575416564942,"state":8},{"cf":[-0.32876476645469668,3.971226692199707,2.3789119720458986,-0.9934155941009522,1.5847653189737799e-9,0.11456644535064697,2.3497914725112425e-10,1,-1.1795193266550541e-8,-0.11456644535064697,-1.1690608481274012e-8,-0.9934155941009522],"moveDir":[0,0,0],"vel":[9.371920128842248e-8,-2.7188828966018265e-8,-5.895205390515912e-7],"t":1.3031220436096192,"state":8},{"cf":[-0.32108327746391299,3.971226692199707,2.484557628631592,-0.9957805275917053,2.1278813733260905e-7,0.09176655858755112,2.1470096811526674e-8,1,-0.000002085821051878156,-0.09176655858755112,-0.0000020750499061250595,-0.9957805275917053],"moveDir":[0.0755818635225296,0,0.9971396327018738],"vel":[0.5569860935211182,0.0000030263367989391556,7.008698463439941],"t":1.3198676109313965,"state":8},{"cf":[-0.26603177189826968,3.971226692199707,2.8533945083618166,-0.9990431666374207,4.4830184720012769e-7,0.04373525083065033,1.7239806027191663e-7,1,-0.000006312271125352709,-0.04373525083065033,-0.000006298691459960537,-0.9990431666374207],"moveDir":[0.15230809152126313,0,0.9883331060409546],"vel":[2.4711287021636965,0.000009294170013163239,15.76219654083252],"t":1.3471157550811768,"state":8},{"cf":[-0.2126721441745758,3.971226692199707,3.114572763442993,-0.999944269657135,2.8225062465025987e-7,0.010555216111242772,2.0925843102759246e-7,1,-0.000006916375241416972,-0.010555216111242772,-0.000006913781362527516,-0.999944269657135],"moveDir":[0.2043709009885788,0,0.978893518447876],"vel":[3.3006415367126467,0.000007365643796219956,15.66576099395752],"t":1.3641304969787598,"state":8},{"cf":[-0.10108331590890885,3.971226692199707,3.4986112117767336,-0.9988297820091248,-1.5551388798940025e-7,-0.048363834619522098,2.9306571036613607e-7,1,-0.00000926801294554025,0.048363834619522098,-0.000009271340786654037,-0.9988297820091248],"moveDir":[0.2835592031478882,0,0.9589548110961914],"vel":[4.58976936340332,0.00000993703997664852,15.342928886413575],"t":1.3878793716430665,"state":8},{"cf":[-0.05919420346617699,3.971226692199707,3.625196695327759,-0.9977543950080872,-3.1813252121537519e-7,-0.06697919219732285,3.0773659887017859e-7,1,-0.000009333914931630716,0.06697919219732285,-0.000009333566595159937,-0.9977543950080872],"moveDir":[0.31896647810935976,0,0.9477660059928894],"vel":[5.080124378204346,0.000009937052709574346,15.187179565429688],"t":1.4023785591125489,"state":8},{"cf":[0.030494406819343568,3.971226692199707,3.876335382461548,-0.9945860505104065,-6.235446790014976e-7,-0.1039159744977951,2.7843961447615586e-7,1,-0.000008665432687848807,0.1039159744977951,-0.000008647452887089458,-0.9945860505104065],"moveDir":[0.3382481038570404,0,0.9410569667816162],"vel":[5.4574480056762699,0.00000656206202620524,15.055259704589844],"t":1.414646863937378,"state":8},{"cf":[0.12571527063846589,3.971226692199707,4.125436782836914,-0.9903116226196289,-8.609645760770945e-7,-0.13886281847953797,2.270252252856153e-7,1,-0.000007819157872290817,0.13886281847953797,-0.000007774928235448897,-0.9903116226196289],"moveDir":[0.3586474657058716,0,0.9334730505943298],"vel":[5.7824835777282719,0.000005276382125884993,14.932066917419434],"t":1.430612325668335,"state":8},{"cf":[0.2229188233613968,3.971226692199707,4.373779296875,-0.9854333996772766,-9.431126386516553e-7,-0.1700616329908371,1.7053829992619286e-7,1,-0.0000065339058892277539,0.1700616329908371,-0.000006467731509474106,-0.9854333996772766],"moveDir":[0.36484745144844057,0,0.9310673475265503],"vel":[5.881308078765869,0.000003669239958981052,14.89091682434082],"t":1.4485673904418946,"state":8},{"cf":[0.37134331464767458,3.971226692199707,4.74524450302124,-0.9773780107498169,-9.206543722939387e-7,-0.21149985492229463,1.0144545115053916e-7,1,-0.0000048217762014246549,0.21149985492229463,-0.000004734153662866447,-0.9773780107498169],"moveDir":[0.3712940812110901,0,0.9285153150558472],"vel":[5.980022430419922,0.0000022227809495234398,14.84850788116455],"t":1.4684860706329346,"state":8},{"cf":[0.46714890003204348,3.971226692199707,4.994125843048096,-0.9726980328559876,-7.142252798075788e-7,-0.23207436501979829,5.962000670933776e-8,1,-0.0000033274573070229964,0.23207436501979829,-0.0000032504474347661018,-0.9726980328559876],"moveDir":[0.3578251302242279,0,0.9337886571884155],"vel":[5.760982513427734,9.370903057970281e-7,14.931862831115723],"t":1.4869956970214844,"state":8},{"cf":[0.6029228568077087,3.971226692199707,5.370386600494385,-0.967176616191864,-3.3844264635263246e-7,-0.2541050910949707,7.427197967757593e-9,1,-0.000001360170244879555,0.2541050910949707,-0.0000013174121704651043,-0.967176616191864],"moveDir":[0.33814436197280886,0,0.9410942196846008],"vel":[5.432242393493652,-8.30755197966937e-7,15.051826477050782],"t":1.531303882598877,"state":8},{"cf":[0.7720367312431336,3.7610044479370119,5.876199245452881,-0.9624907374382019,-1.1062417826224191e-7,-0.2713145911693573,5.452914231263151e-10,1,-4.0966844494505497e-7,0.2713145911693573,-3.944500122088357e-7,-0.9624907374382019],"moveDir":[0.3160242438316345,0,0.9487510919570923],"vel":[5.068544387817383,-8.759167671203614,15.176642417907715],"t":1.544215440750122,"state":8},{"cf":[0.8072784543037415,3.6743862628936769,6.004755973815918,-0.9625523090362549,-7.342107011254484e-8,-0.2710961103439331,-1.497015567064608e-10,1,-2.702988695091335e-7,0.2710961103439331,-2.6013620413323226e-7,-0.9625523090362549],"moveDir":[0.25493723154067995,0,0.9669576287269592],"vel":[4.228376388549805,-10.39416790008545,15.427000999450684],"t":1.5568132400512696,"state":8},{"cf":[0.8754845261573792,3.460275173187256,6.262545585632324,-0.9631085991859436,-6.9457914975146199e-9,-0.2691130042076111,-1.4596227559948716e-9,1,-2.05862082935937e-8,0.2691130042076111,-1.9433951337077816e-8,-0.9631085991859436],"moveDir":[0.25493723154067995,0,0.9669576287269592],"vel":[4.079572677612305,-13.664168357849121,15.47110366821289],"t":1.5700271129608155,"state":8},{"cf":[0.9346182942390442,3.301548957824707,6.522556304931641,-0.964832603931427,-4.4415841671252568e-8,-0.2628650665283203,-1.2329474108341288e-9,1,-1.6444275274807297e-7,0.2628650665283203,-1.583356379342149e-7,-0.964832603931427],"moveDir":[0.2185945063829422,0,0.9758158326148987],"vel":[3.5013468265533449,-3.747955322265625,15.6123685836792],"t":1.5870387554168702,"state":8},{"cf":[1.0131052732467652,3.1486310958862306,6.914772033691406,-0.9683513045310974,-1.334017838416912e-7,-0.24959124624729157,-3.5859741842614314e-9,1,-5.205683351050539e-7,0.24959124624729157,-5.031980094827304e-7,-0.9683513045310974],"moveDir":[0.19479356706142426,0,0.9808443188667297],"vel":[3.1050851345062258,-5.94923210144043,15.696640014648438],"t":1.6121602058410645,"state":8},{"cf":[1.0373202562332154,3.0854291915893556,7.045886516571045,-0.9695298671722412,-1.4052456265289948e-7,-0.24497316777706147,-4.15242729090437e-9,1,-5.57198461592634e-7,0.24497316777706147,-5.392033131101925e-7,-0.9695298671722412],"moveDir":[0.17941926419734956,0,0.9837726950645447],"vel":[2.8925535678863527,-7.584232330322266,15.737089157104493],"t":1.6274657249450684,"state":8},{"cf":[1.1041204929351807,2.900134801864624,7.440266132354736,-0.9733232855796814,-1.6393730106756267e-7,-0.22943787276744843,-5.366022737263165e-9,1,-6.917534278727544e-7,0.22943787276744843,-6.720685519212566e-7,-0.9733232855796814],"moveDir":[0.16611678898334504,0,0.9861060976982117],"vel":[2.6436896324157717,-2.161836624145508,15.7811918258667],"t":1.6521172523498536,"state":8},{"cf":[1.1634857654571534,2.9305531978607179,7.835833549499512,-0.9770122170448303,-1.6763659971275048e-7,-0.21318325400352479,-6.183190404129846e-9,1,-7.580123906336667e-7,0.21318325400352479,-7.392692396024358e-7,-0.9770122170448303],"moveDir":[0.14737680554389954,0,0.9890804290771484],"vel":[2.343310594558716,1.4467839002609254,15.828667640686036],"t":1.6681697368621827,"state":8},{"cf":[1.1824426651000977,2.940622329711914,7.967813968658447,-0.9780610799789429,-1.5550909893136123e-7,-0.208318293094635,-5.899436494871679e-9,1,-7.187995265667269e-7,0.208318293094635,-7.018008432169154e-7,-0.9780610799789429],"moveDir":[0.14143680036067964,0,0.9899473190307617],"vel":[2.260868549346924,1.2083032131195069,15.840620040893555],"t":1.6791675090789796,"state":8},{"cf":[1.2188338041305543,2.954451322555542,8.231986045837403,-0.9800565838813782,-1.255009323131162e-7,-0.19871851801872254,-4.478602377844254e-9,1,-6.094633135944605e-7,0.19871851801872254,-5.964185447737691e-7,-0.9800565838813782],"moveDir":[0.13597646355628968,0,0.99071204662323],"vel":[2.1637706756591799,0.715187132358551,15.854007720947266],"t":1.6960744857788087,"state":8},{"cf":[1.2550801038742066,2.9621779918670656,8.496179580688477,-0.981731116771698,-9.618579355219481e-8,-0.19027341902256013,-3.049924979237062e-9,1,-4.897772214462748e-7,0.19027341902256013,-4.80249184420245e-7,-0.981731116771698],"moveDir":[0.13597646355628968,0,0.99071204662323],"vel":[2.1632015705108644,0.39407798647880556,15.85387134552002],"t":1.7126235961914063,"state":8},{"cf":[1.2916767597198487,2.9663686752319338,8.760324478149414,-0.98308926820755,-6.727912449377982e-8,-0.1831270158290863,-1.8306095528330957e-9,1,-3.575631239982613e-7,0.1831270158290863,-3.511812280976301e-7,-0.98308926820755],"moveDir":[0.1374211609363556,0,0.9905127286911011],"vel":[2.1876578330993654,0.2128925919532776,15.850293159484864],"t":1.736293077468872,"state":8},{"cf":[1.328308343887329,2.9686222076416017,9.024463653564454,-0.9842179417610169,-4.641348994027794e-8,-0.17696045339107514,-1.0208028866642849e-9,1,-2.566042098806065e-7,0.17696045339107514,-2.523738373838569e-7,-0.9842179417610169],"moveDir":[0.1374211609363556,0,0.9905127286911011],"vel":[2.1896069049835207,0.11434957385063172,15.849879264831543],"t":1.7487170696258546,"state":8},{"cf":[1.3637022972106934,2.9698309898376467,9.288771629333496,-0.9852685332298279,-3.8107884847704557e-8,-0.17101448774337769,-7.705381888101215e-10,1,-2.183949447953637e-7,0.17101448774337769,-2.1504588687548677e-7,-0.9852685332298279],"moveDir":[0.1323290765285492,0,0.9912058115005493],"vel":[2.110291004180908,0.0613124817609787,15.860596656799317],"t":1.7660391330718995,"state":8},{"cf":[1.4166251420974732,2.97067928314209,9.685256004333496,-0.9865894913673401,-3.410947613247117e-8,-0.16322116553783418,-6.696798671157467e-10,1,-2.0492916519287974e-7,0.16322116553783418,-2.0207164652674693e-7,-0.9865894913673401],"moveDir":[0.1323290765285492,0,0.9912058115005493],"vel":[2.109816789627075,0.02405339479446411,15.860550880432129],"t":1.7891545295715333,"state":8},{"cf":[1.4518991708755494,2.970933437347412,9.949580192565918,-0.9872766733169556,-2.8418341457836506e-8,-0.15901172161102296,-5.805005920400674e-10,1,-1.7511430883132562e-7,0.15901172161102296,-1.7279396047342744e-7,-0.9872766733169556],"moveDir":[0.1323290765285492,0,0.9912058115005493],"vel":[2.110944986343384,0.012889137491583825,15.86032772064209],"t":1.8077340126037598,"state":8},{"cf":[1.4871788024902344,2.971069574356079,10.213902473449707,-0.9878508448600769,-2.5728587260687165e-8,-0.15540488064289094,-4.158499100626045e-10,1,-1.6291502902276989e-7,0.15540488064289094,-1.6087112442164654e-7,-0.9878508448600769],"moveDir":[0.1323290765285492,0,0.9912058115005493],"vel":[2.111924648284912,0.006902733817696571,15.860146522521973],"t":1.8266105651855469,"state":8},{"cf":[1.5224597454071046,2.971142530441284,10.478225708007813,-0.988336443901062,-2.0664085553789847e-8,-0.1522860825061798,-2.697541356955213e-10,1,-1.3394183895343304e-7,0.1522860825061798,-1.323385276918998e-7,-0.988336443901062],"moveDir":[0.1323290765285492,0,0.9912058115005493],"vel":[2.1126527786254885,0.0036971496883779766,15.860013008117676],"t":1.8375742435455323,"state":8},{"cf":[1.5577417612075806,2.971181631088257,10.742548942565918,-0.9887483716011047,-2.1241191916487879e-8,-0.14958827197551728,-1.602142585266364e-10,1,-1.4093872380271933e-7,0.14958827197551728,-1.393289750240001e-7,-0.9887483716011047],"moveDir":[0.1323290765285492,0,0.9912058115005493],"vel":[2.1132757663726808,0.0019796087872236969,15.859904289245606],"t":1.85646653175354,"state":8},{"cf":[1.5917812585830689,2.9712026119232179,11.007034301757813,-0.989189624786377,-2.0859127758399155e-8,-0.14664189517498017,-1.944526206720809e-10,1,-1.40933650527586e-7,0.14664189517498017,-1.3938158360815579e-7,-0.989189624786377],"moveDir":[0.1272246390581131,0,0.9918739795684815],"vel":[2.0330607891082765,0.0010590441524982453,15.870394706726075],"t":1.8756520748138428,"state":8},{"cf":[1.6421985626220704,2.971217155456543,11.40384292602539,-0.9897956252098084,-2.020018996518047e-8,-0.14249412715435029,-2.8335250812361325e-10,1,-1.3979334312352877e-7,0.14249412715435029,-1.3832645606726147e-7,-0.9897956252098084],"moveDir":[0.1259768158197403,0,0.9920331835746765],"vel":[2.0117220878601076,0.00041442381916567683,15.873101234436036],"t":1.896820068359375,"state":8},{"cf":[1.6746459007263184,2.971221685409546,11.668527603149414,-0.990196704864502,-1.753140388416341e-8,-0.13967972993850709,-3.0846891707625448e-10,1,-1.2332468202203018e-7,0.13967972993850709,-1.2207260624563788e-7,-0.990196704864502],"moveDir":[0.12129921466112137,0,0.9926159977912903],"vel":[1.9382483959197999,0.0002228537923656404,15.882246017456055],"t":1.9098362922668458,"state":8},{"cf":[1.7069896459579468,2.971224069595337,11.933226585388184,-0.9905438423156738,-1.781384284527121e-8,-0.13719668984413148,-2.761538220319437e-10,1,-1.278478407584771e-7,0.13719668984413148,-1.266010087874747e-7,-0.9905438423156738],"moveDir":[0.12129921466112137,0,0.9926159977912903],"vel":[1.9371546506881714,0.00011646171333268285,15.882366180419922],"t":1.9289474487304688,"state":8},{"cf":[1.7393314838409424,2.9712252616882326,12.197924613952637,-0.9908391833305359,-1.7038901845012334e-8,-0.13504694402217866,-2.1967425101188099e-10,1,-1.24558468428404e-7,0.13504694402217866,-1.2338774979525625e-7,-0.9908391833305359],"moveDir":[0.12129921466112137,0,0.9926159977912903],"vel":[1.9376095533370972,0.0000616585384705104,15.882293701171875],"t":1.944490671157837,"state":8},{"cf":[1.7704310417175294,2.9712259769439699,12.46277141571045,-0.9911730289459229,-1.5801417063698865e-8,-0.13257460296154023,-1.9908076576147239e-10,1,-1.1770046626224939e-7,0.13257460296154023,-1.1663513532766956e-7,-0.9911730289459229],"moveDir":[0.11619632691144943,0,0.9932262897491455],"vel":[1.8573083877563477,0.00003176589962095022,15.891894340515137],"t":1.9625401496887208,"state":8},{"cf":[1.8014148473739625,2.971226453781128,12.727632522583008,-0.9914663434028626,-1.5109533180179825e-8,-0.13036304712295533,-1.7405669960890436e-10,1,-1.1457971993422689e-7,0.13036304712295533,-1.1357924023513988e-7,-0.9914663434028626],"moveDir":[0.11619632691144943,0,0.9932262897491455],"vel":[1.85591721534729,0.000016016016161302106,15.892049789428711],"t":1.9798879623413087,"state":8},{"cf":[1.840145230293274,4.044532775878906,13.058706283569336,-0.9918222427368164,-2.060795090130796e-8,-0.12762708961963654,-2.1035283237491598e-10,1,-1.5983532364316489e-7,0.12762708961963654,-1.5850139334361303e-7,-0.9918222427368164],"moveDir":[0.11619632691144943,0,0.9932262897491455],"vel":[1.85591721534729,49.883697509765628,15.892049789428711],"t":2.0108160972595217,"state":3},{"cf":[1.878920078277588,5.0326828956604,13.389777183532715,-0.9920927286148071,-2.0925790877868168e-8,-0.12550684809684754,-3.033167050858765e-10,1,-1.6433264704573959e-7,0.12550684809684754,-1.629951640325089e-7,-0.9920927286148071],"moveDir":[0.11619632691144943,0,0.9932262897491455],"vel":[1.8591172695159913,45.79619216918945,15.891623497009278],"t":2.01912260055542,"state":5},{"cf":[1.9021837711334229,5.584697723388672,13.588420867919922,-0.992221474647522,-1.8731055817511334e-8,-0.12448493391275406,-2.919281205659985e-10,1,-1.4814160920195719e-7,0.12448493391275406,-1.4695295647015883e-7,-0.992221474647522],"moveDir":[0.11619632691144943,0,0.9932262897491455],"vel":[1.8591399192810059,43.34368896484375,15.891620635986329],"t":2.0335631370544435,"state":5},{"cf":[1.932045340538025,6.2730302810668949,13.853408813476563,-0.9924254417419434,-1.9241866766606109e-8,-0.12284842133522034,-3.013410354579804e-10,1,-1.5419659860071989e-7,0.12284842133522034,-1.5299160338599905e-7,-0.9924254417419434],"moveDir":[0.11108235269784928,0,0.9938112497329712],"vel":[1.7789357900619507,40.07368469238281,15.900794982910157],"t":2.049532175064087,"state":5},{"cf":[1.961709976196289,6.906862258911133,14.11841869354248,-0.9926243424415588,-1.8010737790064014e-8,-0.1212310642004013,-3.1008892675821189e-10,1,-1.4602640874272766e-7,0.1212310642004013,-1.4491176614228608e-7,-0.9926243424415588],"moveDir":[0.11108235269784928,0,0.9938112497329712],"vel":[1.777349591255188,36.803680419921878,15.900976181030274],"t":2.0662529468536379,"state":5},{"cf":[1.9913661479949952,7.486194610595703,14.383429527282715,-0.9927971959114075,-1.862829179799519e-8,-0.11980679631233216,-2.6686278187249e-10,1,-1.5327469782278059e-7,0.11980679631233216,-1.5213872472941149e-7,-0.9927971959114075],"moveDir":[0.11108235269784928,0,0.9938112497329712],"vel":[1.7773182392120362,33.53367614746094,15.900979995727539],"t":2.082878351211548,"state":5},{"cf":[2.028212070465088,8.133719444274903,14.71471881866455,-0.9929909110069275,-1.7333396939989144e-8,-0.11819097399711609,-2.2113233466569682e-10,1,-1.4479796561772674e-7,0.11819097399711609,-1.437569352447099e-7,-0.9929909110069275],"moveDir":[0.11033175140619278,0,0.9938948750495911],"vel":[1.765397071838379,29.446178436279298,15.902307510375977],"t":2.1023776531219484,"state":5},{"cf":[2.0576608180999758,8.59042739868164,14.979753494262696,-0.9931230545043945,-1.5708645051404347e-8,-0.11707495898008347,-1.286225709273836e-10,1,-1.330848817815422e-7,0.11707495898008347,-1.3215461081017566e-7,-0.9931230545043945],"moveDir":[0.11033175140619278,0,0.9938948750495911],"vel":[1.7653098106384278,26.17618179321289,15.902318000793457],"t":2.122925043106079,"state":5},{"cf":[2.0929839611053469,9.084671020507813,15.311209678649903,-0.9933344721794128,-1.7468950730403777e-8,-0.11526782810688019,-7.823466874334884e-11,1,-1.508767724089921e-7,0.11526782810688019,-1.4986208896061727e-7,-0.9933344721794128],"moveDir":[0.10523238033056259,0,0.9944477081298828],"vel":[1.6843231916427613,22.088685989379884,15.911097526550293],"t":2.1430766582489015,"state":5},{"cf":[2.1140573024749758,9.34034252166748,15.510096549987793,-0.9934569597244263,-1.702641405643135e-8,-0.11420731246471405,-1.0274543715826923e-10,1,-1.4818964189089457e-7,0.11420731246471405,-1.4720829710768158e-7,-0.9934569597244263],"moveDir":[0.10523238033056259,0,0.9944477081298828],"vel":[1.6837499141693116,19.636188507080079,15.91115951538086],"t":2.157470703125,"state":5},{"cf":[2.1351263523101808,9.565357208251954,15.708983421325684,-0.9935654401779175,-1.615240385888228e-8,-0.11325956135988236,-1.1495225604729598e-10,1,-1.4160562500364905e-7,0.11325956135988236,-1.406814362781006e-7,-0.9935654401779175],"moveDir":[0.10523238033056259,0,0.9944477081298828],"vel":[1.6837197542190552,17.183691024780275,15.911163330078125],"t":2.165748357772827,"state":5},{"cf":[2.1702370643615724,9.872257232666016,16.04046058654785,-0.9937228560447693,-1.7470993540769088e-8,-0.11186989396810532,-1.1060688476227654e-10,1,-1.5518992313445779e-7,0.11186989396810532,-1.5420339138927376e-7,-0.9937228560447693],"moveDir":[0.10523238033056259,0,0.9944477081298828],"vel":[1.6837180852890015,13.09619140625,15.911163330078125],"t":2.1856040954589845,"state":5},{"cf":[2.184279680252075,9.971173286437989,16.173051834106447,-0.9937776327133179,-1.8787412514598146e-8,-0.11138249933719635,-1.1044593711817541e-10,1,-1.6768929356203444e-7,0.11138249933719635,-1.6663356916524209e-7,-0.9937776327133179],"moveDir":[0.10523238033056259,0,0.9944477081298828],"vel":[1.6837180852890015,11.461191177368164,15.911163330078125],"t":2.196815252304077,"state":5},{"cf":[2.2245819568634035,10.186171531677246,16.571016311645509,-0.9940069317817688,-1.476893451979322e-8,-0.10931717604398728,-2.0189434846162869e-10,1,-1.3326588543804974e-7,0.10931717604398728,-1.3244513752397325e-7,-0.9940069317817688],"moveDir":[0.10012281686067581,0,0.9949750900268555],"vel":[1.6021924018859864,6.556190490722656,15.919577598571778],"t":2.222550868988037,"state":5},{"cf":[2.24446439743042,10.247686386108399,16.770023345947267,-0.994122326374054,-1.5450192236698969e-8,-0.10826268047094345,-2.3787885550241585e-10,1,-1.4052591268409743e-7,0.10826268047094345,-1.396741993175965e-7,-0.994122326374054],"moveDir":[0.09908642619848252,0,0.9950788617134094],"vel":[1.5862693786621094,4.103690147399902,15.921173095703125],"t":2.232238292694092,"state":5},{"cf":[2.2775330543518068,10.282086372375489,17.101715087890626,-0.9942932724952698,-1.6058850249578428e-8,-0.10668136179447174,-2.894395834118768e-10,1,-1.4783334734147503e-7,0.10668136179447174,-1.469588113423015e-7,-0.9942932724952698],"moveDir":[0.09908642619848252,0,0.9950788617134094],"vel":[1.5853893756866456,0.016189932823181154,15.921260833740235],"t":2.2513580322265627,"state":5},{"cf":[2.297370433807373,10.26185131072998,17.300731658935548,-0.9943810105323792,-1.4572315798488944e-8,-0.10586033016443253,-2.65635208274162e-10,1,-1.3516086028175779e-7,0.10586033016443253,-1.3437326629173186e-7,-0.9943810105323792],"moveDir":[0.09908642619848252,0,0.9950788617134094],"vel":[1.5853831768035889,-2.436310052871704,15.92126178741455],"t":2.265672206878662,"state":5},{"cf":[2.330427885055542,10.160000801086426,17.632427215576173,-0.9945057034492493,-1.399805960033973e-8,-0.10468222945928574,-1.8503189258556319e-10,1,-1.319616984574168e-7,0.10468222945928574,-1.3121729125487037e-7,-0.9945057034492493],"moveDir":[0.09908642619848252,0,0.9950788617134094],"vel":[1.5853826999664307,-6.523810386657715,15.92126178741455],"t":2.286694288253784,"state":5},{"cf":[2.343649387359619,10.095417022705079,17.765104293823243,-0.9945489168167114,-1.4299506467807533e-8,-0.10427085310220719,-1.4732781661308537e-10,1,-1.3573286139489938e-7,0.10427085310220719,-1.3497761131020526e-7,-0.9945489168167114],"moveDir":[0.09908642619848252,0,0.9950788617134094],"vel":[1.5853828191757203,-8.15881061553955,15.92126178741455],"t":2.296280860900879,"state":5},{"cf":[2.387913703918457,9.762076377868653,18.22966766357422,-0.9947707653045654,-1.5236821582220729e-8,-0.10213285684585571,-1.7031773213993518e-10,1,-1.4752738763945673e-7,0.10213285684585571,-1.4673854309421586e-7,-0.9947707653045654],"moveDir":[0.09433616697788239,0,0.99554044008255],"vel":[1.509458065032959,-13.881311416625977,15.92863941192627],"t":2.323469638824463,"state":5},{"cf":[2.4005062580108644,9.63617992401123,18.362407684326173,-0.9948303699493408,-1.4199082798427299e-8,-0.10155051946640015,-1.7597467927288336e-10,1,-1.3809892607241637e-7,0.10155051946640015,-1.3736713810885704e-7,-0.9948303699493408],"moveDir":[0.09433616697788239,0,0.99554044008255],"vel":[1.5093897581100464,-15.516311645507813,15.928646087646485],"t":2.3314998149871828,"state":5},{"cf":[2.4256865978240969,9.343511581420899,18.627883911132814,-0.9949333667755127,-1.3369739981783369e-8,-0.10053666681051254,-1.5250063711835794e-10,1,-1.3147453614692496e-7,0.10053666681051254,-1.3079306881991216e-7,-0.9949333667755127],"moveDir":[0.09433616697788239,0,0.99554044008255],"vel":[1.5093789100646973,-18.78630828857422,15.9286470413208],"t":2.3471591472625734,"state":5},{"cf":[2.463451385498047,8.802323341369629,19.02610206604004,-0.9950630068778992,-1.4419751614980214e-8,-0.09924547374248505,-8.77474551352897e-11,1,-1.444140167450314e-7,0.09924547374248505,-1.4369233269917459e-7,-0.9950630068778992],"moveDir":[0.09433616697788239,0,0.99554044008255],"vel":[1.5093786716461182,-23.691303253173829,15.9286470413208],"t":2.3762030601501467,"state":5},{"cf":[2.488475799560547,8.373405456542969,19.291593551635743,-0.995139479637146,-1.629472023978451e-8,-0.09847548604011536,-5.2554786911240828e-11,1,-1.6493872578848824e-7,0.09847548604011536,-1.641318618794685e-7,-0.995139479637146],"moveDir":[0.0936756432056427,0,0.9956028461456299],"vel":[1.4990190267562867,-26.961299896240236,15.929624557495118],"t":2.3959295749664308,"state":5},{"cf":[2.5123291015625,7.889988422393799,19.55718994140625,-0.9952517747879028,-1.418385142670786e-8,-0.09733385592699051,-1.1256859333563796e-10,1,-1.4457268093792664e-7,0.09733385592699051,-1.4387526903192339e-7,-0.9952517747879028],"moveDir":[0.08859770745038986,0,0.9960675239562988],"vel":[1.419174075126648,-30.23129653930664,15.936933517456055],"t":2.409580707550049,"state":5},{"cf":[2.535987377166748,7.3520708084106449,19.822805404663087,-0.9953675270080566,-1.2339768318270217e-8,-0.09614311903715134,-1.4976700435376245e-10,1,-1.2679737437792938e-7,0.09614311903715134,-1.2619558731330472e-7,-0.9953675270080566],"moveDir":[0.08859770745038986,0,0.9960675239562988],"vel":[1.4175950288772584,-33.50129699707031,15.937077522277832],"t":2.4237093925476076,"state":5},{"cf":[2.547813653945923,7.062674522399902,19.955612182617189,-0.9954196810722351,-1.2103390290008065e-8,-0.09560156613588333,-1.5464485247917993e-10,1,-1.2499224055773085e-7,0.09560156613588333,-1.2440494856491569e-7,-0.9954196810722351],"moveDir":[0.08859770745038986,0,0.9960675239562988],"vel":[1.4175677299499512,-35.13629913330078,15.937080383300782],"t":2.4339725971221926,"state":5},{"cf":[2.571463108062744,6.443006992340088,20.221227645874025,-0.9955126643180847,-1.267894500500688e-8,-0.09462837874889374,-1.5495707494928013e-10,1,-1.3235653284482397e-7,0.09462837874889374,-1.3174793878079073e-7,-0.9955126643180847],"moveDir":[0.08859770745038986,0,0.9960675239562988],"vel":[1.4175634384155274,-38.40630340576172,15.937080383300782],"t":2.450007677078247,"state":5},{"cf":[2.6010212898254396,5.5917816162109379,20.553247451782228,-0.9956120848655701,-1.4928799529911886e-8,-0.0935768410563469,-1.5846739198632776e-10,1,-1.5784918616645883e-7,0.0935768410563469,-1.5714172718617193e-7,-0.9956120848655701],"moveDir":[0.08859770745038986,0,0.9960675239562988],"vel":[1.4175631999969483,-42.49380874633789,15.937080383300782],"t":2.471269130706787,"state":5},{"cf":[2.624664545059204,4.849489212036133,20.818862915039064,-0.9956785440444946,-1.4257433456066338e-8,-0.09286707639694214,-1.5746931536497755e-10,1,-1.5183685775355117e-7,0.09286707639694214,-1.5116606277842949e-7,-0.9956785440444946],"moveDir":[0.08859770745038986,0,0.9960675239562988],"vel":[1.4175633192062379,-45.76381301879883,15.937080383300782],"t":2.486778974533081,"state":5},{"cf":[2.6527364253997804,3.844982862472534,21.151010513305665,-0.9958056807518005,-1.0736354028040296e-8,-0.09149353206157685,-1.6302877103857583e-10,1,-1.1557110468629617e-7,0.09149353206157685,-1.1507145103